 &plot nbnd=   8, nks=    48 /
            0.000000  0.000000  0.000000
  -18.652   -6.740   -2.142   -2.142    3.746    7.120    9.265    9.265
            0.016667  0.028868  0.000000
  -18.632   -6.716   -2.223   -2.186    3.773    7.146    9.262    9.351
            0.033333  0.057735  0.000000
  -18.573   -6.645   -2.459   -2.315    3.853    7.223    9.275    9.525
            0.050000  0.086603  0.000000
  -18.474   -6.527   -2.826   -2.526    3.987    7.352    9.324    9.677
            0.066667  0.115470  0.000000
  -18.337   -6.363   -3.292   -2.812    4.175    7.531    9.414    9.873
            0.083333  0.144338  0.000000
  -18.160   -6.152   -3.831   -3.163    4.417    7.760    9.548   10.114
            0.100000  0.173205  0.000000
  -17.944   -5.896   -4.414   -3.569    4.713    8.039    9.728   10.174
            0.116667  0.202073  0.000000
  -17.690   -5.596   -5.023   -4.019    5.062    8.365    9.502    9.955
            0.133333  0.230940  0.000000
  -17.398   -5.644   -5.253   -4.503    5.465    8.738    8.791   10.228
            0.150000  0.259808  0.000000
  -17.068   -6.265   -5.011   -4.868    5.920    8.056    9.155   10.546
            0.166667  0.288675  0.000000
  -16.702   -6.877   -5.532   -4.443    6.429    7.310    9.610   10.906
            0.183333  0.317543  0.000000
  -16.299   -7.475   -6.059   -3.981    6.564    6.991   10.097   11.304
            0.200000  0.346410  0.000000
  -15.862   -8.054   -6.585   -3.485    5.827    7.605   10.601   11.736
            0.216667  0.375278  0.000000
  -15.392   -8.610   -7.101   -2.959    5.106    8.270   11.097   12.195
            0.233333  0.404145  0.000000
  -14.890   -9.141   -7.602   -2.408    4.408    8.985   11.538   12.669
            0.250000  0.433013  0.000000
  -14.360   -9.645   -8.081   -1.840    3.737    9.748   11.846   13.143
            0.266667  0.461880  0.000000
  -13.808  -10.120   -8.531   -1.261    3.098   10.554   11.953   13.587
            0.283333  0.490748  0.000000
  -13.240  -10.565   -8.944   -0.683    2.493   11.397   11.888   13.862
            0.300000  0.519615  0.000000
  -12.673  -10.979   -9.303   -0.119    1.925   11.752   12.256   13.898
            0.316667  0.548483  0.000000
  -12.139  -11.362   -9.576    0.417    1.397   11.634   13.078   13.824
            0.333333  0.577350  0.000000
  -11.713  -11.713   -9.692    0.910    0.910   11.587   13.636   13.636
            0.300000  0.577350  0.000000
  -12.031  -11.503   -9.545    0.466    1.344   11.640   13.370   13.548
            0.266667  0.577350  0.000000
  -12.316  -11.517   -9.133    0.066    1.708   11.806   13.070   13.215
            0.233333  0.577350  0.000000
  -12.568  -11.646   -8.576   -0.289    1.997   12.078   12.643   12.771
            0.200000  0.577350  0.000000
  -12.787  -11.808   -7.965   -0.597    2.213   11.775   12.433   12.492
            0.166667  0.577350  0.000000
  -12.972  -11.966   -7.354   -0.860    2.366   10.885   12.245   12.421
            0.133333  0.577350  0.000000
  -13.124  -12.105   -6.780   -1.075    2.468   10.059   12.038   12.199
            0.100000  0.577350  0.000000
  -13.242  -12.218   -6.277   -1.243    2.532    9.351   11.874   12.025
            0.066667  0.577350  0.000000
  -13.327  -12.300   -5.880   -1.364    2.569    8.802   11.755   11.900
            0.033333  0.577350  0.000000
  -13.377  -12.350   -5.625   -1.436    2.587    8.454   11.683   11.825
            0.000000  0.577350  0.000000
  -13.394  -12.367   -5.537   -1.460    2.593    8.334   11.659   11.800
            0.000000  0.543388  0.000000
  -13.694  -12.037   -5.516   -1.591    2.756    8.344   10.835   12.666
            0.000000  0.509427  0.000000
  -14.215  -11.425   -5.455   -1.931    3.192    8.374    9.993   12.887
            0.000000  0.475465  0.000000
  -14.752  -10.737   -5.354   -2.388    3.806    8.419    9.205   12.203
            0.000000  0.441503  0.000000
  -15.269  -10.011   -5.213   -2.891    4.524    8.364    8.587   11.542
            0.000000  0.407541  0.000000
  -15.757   -9.260   -5.036   -3.401    5.302    7.741    8.607   10.916
            0.000000  0.373580  0.000000
  -16.210   -8.490   -4.824   -3.897    6.113    7.109    8.702   10.331
            0.000000  0.339618  0.000000
  -16.628   -7.711   -4.579   -4.366    6.528    6.933    8.811    9.793
            0.000000  0.305656  0.000000
  -17.008   -6.929   -4.802   -4.307    6.001    7.742    8.926    9.311
            0.000000  0.271694  0.000000
  -17.350   -6.153   -5.199   -4.012    5.529    8.454    8.955    9.038
            0.000000  0.237732  0.000000
  -17.654   -5.554   -5.395   -3.701    5.111    8.389    9.139    9.391
            0.000000  0.203771  0.000000
  -17.917   -5.865   -4.668   -3.384    4.749    8.069    9.219   10.082
            0.000000  0.169809  0.000000
  -18.141   -6.130   -3.991   -3.071    4.443    7.783    9.270   10.104
            0.000000  0.135847  0.000000
  -18.325   -6.349   -3.382   -2.777    4.192    7.546    9.289    9.868
            0.000000  0.101885  0.000000
  -18.468   -6.519   -2.868   -2.520    3.997    7.360    9.282    9.677
            0.000000  0.067924  0.000000
  -18.570   -6.642   -2.475   -2.317    3.857    7.227    9.266    9.528
            0.000000  0.033962  0.000000
  -18.631   -6.715   -2.227   -2.187    3.774    7.147    9.261    9.354
            0.000000  0.000000  0.000000
  -18.652   -6.740   -2.142   -2.142    3.746    7.120    9.265    9.265
